275.36362 362.81818 -144.59183
273 362.81818 -147.24489
263.54547 366.36362 -149.89796
269.45453 362.81818 -151.22449
271.81818 369.90912 -140.61224
274.18182 372.27274 -136.63266
273 362.81818 -151.22449
256.45456 367.54547 -135.30612
273 367.54547 -149.89796
278.9091 374.63638 -143.2653
274.18182 373.45453 -156.53061
257.63638 372.27274 -145.91835
273 365.18182 -145.91835
270.63638 368.72726 -149.89796
273 369.90912 -145.91835
269.45453 365.18182 -145.91835
273 361.63638 -148.57144
276.54547 362.81818 -140.61224
276.54547 367.54547 -144.59183
270.63638 369.90912 -139.28572
264.72726 371.09088 -152.55103
258.81818 365.18182 -145.91835
274.18182 367.54547 -131.32654
273 373.45453 -148.57144
275.36362 371.09088 -133.9796
271.81818 374.63638 -147.24489
275.36362 371.09088 -139.28572
273 358.0909 -144.59183
275.36362 367.54547 -137.95918
270.63638 373.45453 -148.57144
274.18182 361.63638 -131.32654
275.36362 365.18182 -145.91835
269.45453 371.09088 -152.55103
271.81818 371.09088 -140.61224
261.18182 367.54547 -130
243.45453 359.27274 -132.65306
255.27274 355.7273 -143.2653
248.18181 353.36368 -141.93877
223.36363 345.09088 -130
222.18184 332.0909 -144.59183
210.36363 315.54547 -144.59183
204.45456 307.27274 -141.93877
186.72726 293.0909 -144.59183
180.81819 291.9091 -141.93877
170.18181 274.18182 -115.408165
165.45453 251.72726 -122.040825
157.18181 236.36363 -135.30612
141.81819 221 -143.2653
143 204.45456 -139.28572
132.36363 173.72728 -144.59183
128.81819 156 -132.65306
127.63637 138.27274 -131.32654
126.4545 118.181816 -122.040825
127.63637 92.181816 -141.93877
118.181816 70.909096 -137.95918
131.18181 68.545456 -143.2653
125.27272 63.818184 -130
128.81819 43.727272 -133.9796
135.90909 26 -130
144.18181 0 -139.28572
150.09091 -22.454546 -140.61224
173.72728 -41.363636 -136.63266
173.72728 -52 -132.65306
191.45453 -72.090904 -131.32654
204.45456 -89.818184 -122.040825
229.27274 -98.09092 -132.65306
232.81816 -108.72728 -127.34694
243.45453 -117 -131.32654
278.9091 -137.09091 -128.67346
302.54547 -148.90909 -124.69388
317.9091 -153.63637 -127.34694
338 -160.72726 -119.387764
373.45453 -166.63637 -99.4898
386.45456 -177.27274 -119.387764
403 -172.54544 -127.34694
417.18182 -176.09091 -110.10204
445.54547 -166.63637 -110.10204
468 -158.36363 -119.387764
485.72726 -163.09091 -118.061226
501.09088 -148.90909 -110.10204
523.5455 -144.18181 -120.71428
544.8182 -140.63637 -96.83673
548.36365 -117 -120.71428
583.8182 -95.72727 -122.040825
613.36365 -80.36363 -122.040825
631.09094 -57.909092 -127.34694
646.4545 -39 -115.408165
663 -21.272726 -123.36734
670.0909 10.636363 -126.02041
677.18176 23.636364 -123.36734
688.99994 44.909092 -127.34694
697.27277 70.909096 -122.040825
690.18176 106.36363 -118.061226
709.09094 132.36363 -128.67346
704.36365 138.27274 -127.34694
700.81824 177.27274 -133.9796
696.09094 192.63635 -126.02041
690.18176 211.54544 -131.32654
688.99994 219.81819 -136.63266
683.0909 222.18184 -130
688.99994 238.72726 -128.67346
687.8182 249.36363 -130
678.36365 270.63638 -120.71428
650 294.2727 -133.9796
652.36365 317.9091 -130
640.5455 323.81818 -133.9796
615.72723 348.63638 -132.65306
592.09094 362.81818 -137.95918
590.9091 371.09088 -120.71428
570.8182 387.63638 -116.7347
520 404.18182 -128.67346
510.54547 410.09088 -136.63266
483.36368 419.54547 -145.91835
465.63632 413.63638 -140.61224
439.63638 425.45453 -144.59183
425.45453 416 -141.93877
398.27274 420.72726 -143.2653
386.45456 414.81818 -130
343.9091 405.36362 -147.24489
325 403 -133.9796
295.45456 388.81818 -137.95918
268.27274 368.72726 -141.93877
235.18184 345.09088 -147.24489
210.36363 315.54547 -144.59183
184.36363 287.18182 -147.24489
176.09091 261.18182 -141.93877
150.09091 235.18184 -140.61224
137.09091 193.81819 -148.57144
131.18181 172.54544 -143.2653
122.90908 132.36363 -143.2653
122.90908 118.181816 -132.65306
122.90908 88.63637 -132.65306
126.4545 69.72727 -136.63266
131.18181 60.272728 -137.95918
127.63637 53.181816 -139.28572
134.72726 42.545452 -126.02041
137.09091 39 -127.34694
141.81819 23.636364 -132.65306
143 14.181818 -119.387764
147.72728 4.727273 -128.67346
152.45454 -13 -133.9796
164.27274 -37.818184 -130
165.45453 -49.636364 -135.30612
183.18181 -66.181816 -123.36734
199.72728 -82.72727 -124.69388
205.63637 -95.72727 -126.02041
209.18181 -101.63637 -135.30612
223.36363 -106.36363 -124.69388
245.81816 -120.545456 -127.34694
262.36362 -127.63637 -115.408165
284.81818 -146.54546 -126.02041
303.72726 -151.27274 -124.69388
325 -158.36363 -123.36734
348.63638 -165.45453 -110.10204
356.90912 -166.63637 -123.36734
361.63638 -189.09091 -122.040825
384.09088 -170.18181 -118.061226
393.54547 -176.09091 -115.408165
412.45453 -169 -114.08163
421.9091 -169 -119.387764
432.54547 -167.81816 -124.69388
446.72726 -166.63637 -119.387764
463.27274 -160.72726 -118.061226
486.9091 -154.81819 -100.81633
498.72726 -160.72726 -120.71428
514.09094 -146.54546 -118.061226
521.1818 -141.81819 -110.10204
544.8182 -138.27274 -115.408165
559 -121.727264 -126.02041
572 -119.36363 -107.44898
583.8182 -115.818184 -119.387764
594.4545 -88.63637 -115.408165
624 -69.72727 -118.061226
625.1818 -52 -120.71428
648.8182 -41.363636 -123.36734
651.1818 -37.818184 -119.387764
660.63635 -16.545454 -115.408165
658.27277 -5.909091 -127.34694
683.0909 30.72727 -115.408165
687.8182 48.454548 -114.08163
697.27277 62.63636 -122.040825
702.00006 87.454544 -120.71428
702.00006 112.272736 -126.02041
707.9091 120.545456 -122.040825
703.1818 134.72726 -130
703.1818 147.72728 -126.02041
703.1818 169 -120.71428
690.18176 183.18181 -128.67346
700.81824 198.54547 -130
692.5455 221 -136.63266
693.72736 221 -131.32654
697.27277 231.63637 -120.71428
678.36365 244.63637 -135.30612
683.0909 268.27274 -130
674.8182 281.27274 -133.9796
664.1818 291.9091 -123.36734
650 299 -135.30612
637 338 -131.32654
609.8182 339.18182 -136.63266
600.36365 356.90912 -133.9796
593.27277 367.54547 -122.040825
570.8182 379.36362 -131.32654
546 395.90912 -137.95918
516.4545 399.45456 -149.89796
503.45453 417.18182 -136.63266
473.90912 412.45453 -141.93877
458.54547 419.54547 -141.93877
436.0909 419.54547 -135.30612
420.72726 417.18182 -139.28572
406.54547 416 -141.93877
380.54544 418.36362 -132.65306
366.36362 416 -137.95918
345.09088 410.09088 -135.30612
323.81818 392.36368 -145.91835
306.0909 390.00003 -124.69388
289.54544 382.9091 -136.63266
254.0909 366.36362 -132.65306
234 347.45456 -143.2653
228.09091 332.0909 -143.2653
218.63637 325 -126.02041
191.45453 301.36362 -143.2653
159.54547 283.63638 -141.93877
160.72726 258.81818 -139.28572
152.45454 236.36363 -141.93877
144.18181 197.36365 -143.2653
141.81819 196.18184 -144.59183
130 176.09091 -139.28572
125.27272 151.27274 -136.63266
127.63637 124.090904 -144.59183
124.090904 109.909096 -137.95918
126.4545 83.90908 -128.67346
127.63637 57.909092 -135.30612
127.63637 37.818184 -124.69388
137.09091 28.363636 -140.61224
144.18181 13 -136.63266
145.36363 -2.3636365 -128.67346
165.45453 -24.818184 -128.67346
164.27274 -43.727272 -143.2653
174.90909 -46.090908 -133.9796
173.72728 -56.727272 -127.34694
189.09091 -65 -133.9796
202.09091 -88.63637 -133.9796
228.09091 -106.36363 -127.34694
245.81816 -120.545456 -127.34694
274.18182 -138.27274 -122.040825
310.81818 -145.36363 -119.387764
360.45456 -159.54547 -122.040825
390.00003 -165.45453 -128.67346
397.0909 -169 -118.061226
431.36368 -167.81816 -114.08163
449.0909 -171.36363 -119.387764
482.18182 -159.54547 -112.7551
491.63632 -157.18181 -123.36734
497.54547 -153.63637 -114.08163
520 -144.18181 -111.42858
528.27277 -132.36363 -116.7347
548.36365 -122.90908 -124.69388
569.63635 -107.5455 -126.02041
592.09094 -104 -114.08163
605.09094 -79.181816 -120.71428
629.9091 -57.909092 -112.7551
650 -34.272728 -123.36734
659.4545 -17.727274 -118.061226
659.4545 -4.727273 -123.36734
678.36365 14.181818 -114.08163
684.27264 44.909092 -104.79591
698.4546 66.181816 -128.67346
698.4546 79.181816 -130
703.1818 100.454544 -124.69388
703.1818 109.909096 -123.36734
702.00006 140.63637 -114.08163
704.36365 153.63637 -126.02041
705.5455 171.36363 -110.10204
694.9091 193.81819 -132.65306
694.9091 210.36363 -130
699.63635 222.18184 -135.30612
693.72736 230.45453 -133.9796
680.72723 261.18182 -135.30612
671.27264 275.36362 -131.32654
654.72723 287.18182 -122.040825
652.36365 309.63638 -127.34694
634.63635 336.81818 -140.61224
608.63635 348.63638 -133.9796
589.72723 364 -135.30612
569.63635 382.9091 -123.36734
549.5455 391.18182 -128.67346
527.09094 407.72726 -141.93877
499.9091 416 -127.34694
463.27274 420.72726 -131.32654
451.45453 420.72726 -137.95918
430.1819 413.63638 -139.28572
400.63638 411.27274 -139.28572
391.18182 416 -141.93877
373.45453 412.45453 -135.30612
352.18182 407.72726 -132.65306
349.81818 405.36362 -133.9796
319.0909 397.0909 -139.28572
307.27274 394.7273 -135.30612
287.18182 379.36362 -115.408165
256.45456 355.7273 -133.9796
230.45453 340.36362 -139.28572
212.72726 329.72726 -128.67346
206.81819 315.54547 -123.36734
182 282.45453 -133.9796
163.09091 254.0909 -131.32654
154.81819 228.09091 -130
144.18181 204.45456 -143.2653
135.90909 178.45456 -120.71428
127.63637 167.81816 -124.69388
132.36363 152.45454 -141.93877
119.36363 131.18181 -141.93877
125.27272 106.36363 -136.63266
121.727264 91 -133.9796
124.090904 66.181816 -140.61224
128.81819 50.818184 -147.24489
138.27274 42.545452 -139.28572
134.72726 27.18182 -132.65306
141.81819 14.181818 -133.9796
152.45454 -13 -132.65306
161.90909 -46.090908 -131.32654
193.81819 -69.72727 -122.040825
196.18184 -89.818184 -106.12245
237.54547 -117 -122.040825
271.81818 -132.36363 -118.061226
306.0909 -158.36363 -116.7347
327.36362 -160.72726 -123.36734
385.2727 -167.81816 -119.387764
418.36362 -172.54544 -96.83673
440.81818 -160.72726 -122.040825
473.90912 -158.36363 -122.040825
511.72726 -157.18181 -118.061226
528.27277 -139.45454 -115.408165
540.0909 -127.63637 -103.46938
572 -112.272736 -103.46938
598 -88.63637 -120.71428
609.8182 -79.181816 -116.7347
622.8182 -68.545456 -108.77551
639.36365 -41.363636 -120.71428
650 -34.272728 -124.69388
655.90906 -8.272727 -128.67346
658.27277 2.3636365 -126.02041
674.8182 22.454546 -127.34694
687.8182 46.090908 -120.71428
691.36365 81.545456 -118.061226
698.4546 87.454544 -114.08163
698.4546 106.36363 -116.7347
706.72736 125.27272 -115.408165
702.00006 147.72728 -128.67346
703.1818 159.54547 -128.67346
699.63635 191.45453 -130
698.4546 197.36365 -127.34694
690.18176 209.18181 -124.69388
690.18176 215.0909 -137.95918
691.36365 248.18181 -132.65306
674.8182 260 -135.30612
676 274.18182 -127.34694
657.09094 296.63638 -136.63266
644.09094 321.45453 -127.34694
628.72723 329.72726 -136.63266
618.0909 349.81818 -137.95918
593.27277 367.54547 -127.34694
567.27277 382.9091 -133.9796
550.72723 398.27274 -128.67346
527.09094 391.18182 -141.93877
517.63635 401.81818 -139.28572
490.45453 405.36362 -140.61224
463.27274 421.9091 -137.95918
445.54547 420.72726 -137.95918
432.54547 419.54547 -145.91835
425.45453 419.54547 -143.2653
423.09088 419.54547 -131.32654
424.27274 418.36362 -131.32654
421.9091 414.81818 -135.30612
425.45453 424.27274 -137.95918
431.36368 418.36362 -143.2653
419.54547 421.9091 -130
429 416 -139.28572
414.81818 417.18182 -143.2653
413.63638 418.36362 -137.95918
404.18182 417.18182 -124.69388
367.54547 414.81818 -131.32654
335.63632 401.81818 -132.65306
313.18182 386.45456 -147.24489
288.36362 380.54544 -137.95918
230.45453 351.00003 -139.28572
228.09091 336.81818 -135.30612
208 319.0909 -136.63266
195.00002 300.18182 -139.28572
180.81819 282.45453 -145.91835
170.18181 270.63638 -137.95918
165.45453 247 -140.61224
152.45454 222.18184 -147.24489
147.72728 209.18181 -137.95918
140.63637 200.90909 -143.2653
139.45454 189.09091 -139.28572
133.54546 172.54544 -130
128.81819 150.09091 -127.34694
130 118.181816 -139.28572
119.36363 109.909096 -135.30612
124.090904 79.181816 -132.65306
134.72726 67.36363 -132.65306
130 46.090908 -132.65306
134.72726 40.181816 -124.69388
145.36363 10.636363 -114.08163
151.27274 0 -124.69388
160.72726 -26 -133.9796
177.27274 -54.36364 -127.34694
205.63637 -87.454544 -133.9796
219.81819 -96.909096 -128.67346
239.90909 -109.909096 -118.061226
265.9091 -132.36363 -123.36734
290.72726 -145.36363 -107.44898
307.27274 -154.81819 -118.061226
334.45453 -158.36363 -119.387764
368.72726 -164.27274 -118.061226
399.45456 -167.81816 -120.71428
419.54547 -172.54544 -130
440.81818 -176.09091 -114.08163
453.81818 -161.90909 -107.44898
482.18182 -159.54547 -110.10204
490.45453 -151.27274 -118.061226
522.36365 -148.90909 -108.77551
543.63635 -127.63637 -110.10204
555.4545 -117 -104.79591
586.1818 -100.454544 -108.77551
608.63635 -70.909096 -115.408165
634.63635 -50.818184 -114.08163
647.63635 -33.090908 -123.36734
652.36365 -24.818184 -114.08163
663 8.272727 -115.408165
676 33.090908 -124.69388
687.8182 54.36364 -127.34694
702.00006 70.909096 -124.69388
697.27277 96.909096 -122.040825
705.5455 109.909096 -122.040825
703.1818 131.18181 -124.69388
696.09094 135.90909 -119.387764
697.27277 169 -137.95918
700.81824 182 -110.10204
693.72736 202.09091 -120.71428
699.63635 209.18181 -135.30612
687.8182 228.09091 -130
688.99994 239.90909 -111.42858
688.99994 252.9091 -127.34694
671.27264 276.54547 -128.67346
655.90906 302.54547 -139.28572
640.5455 329.72726 -127.34694
638.1818 340.36362 -127.34694
615.72723 351.00003 -135.30612
600.36365 367.54547 -120.71428
576.72723 380.54544 -141.93877
557.8182 392.36368 -137.95918
518.8182 412.45453 -135.30612
489.27274 417.18182 -135.30612
468 418.36362 -131.32654
453.81818 412.45453 -136.63266
427.81818 416 -124.69388
407.72726 408.90912 -137.95918
392.36368 414.81818 -130
378.18182 410.09088 -137.95918
347.45456 407.72726 -145.91835
336.81818 400.63638 -137.95918
309.63638 400.63638 -133.9796
281.27274 366.36362 -143.2653
242.27274 351.00003 -128.67346
232.81816 341.54544 -137.95918
217.45456 327.36362 -124.69388
203.27274 321.45453 -128.67346
193.81819 295.45456 -139.28572
179.63637 280.0909 -143.2653
171.36363 278.9091 -137.95918
164.27274 264.72726 -140.61224
148.90909 257.63638 -139.28572
157.18181 250.54544 -141.93877
157.18181 244.63637 -148.57144
160.72726 237.54547 -147.24489
146.54546 258.81818 -136.63266
163.09091 251.72726 -122.040825
161.90909 250.54544 -147.24489
158.36363 249.36363 -139.28572
161.90909 250.54544 -143.2653
152.45454 260 -137.95918
159.54547 248.18181 -135.30612
161.90909 264.72726 -133.9796
172.54544 277.72726 -133.9796
182 287.18182 -148.57144
199.72728 304.9091 -133.9796
209.18181 319.0909 -144.59183
218.63637 325 -151.22449
229.27274 328.54547 -141.93877
230.45453 353.36368 -141.93877
250.54544 361.63638 -141.93877
275.36362 369.90912 -141.93877
270.63638 374.63638 -143.2653
301.36362 380.54544 -137.95918
320.27274 388.81818 -140.61224
335.63632 399.45456 -136.63266
340.36362 401.81818 -143.2653
366.36362 408.90912 -140.61224
387.63638 414.81818 -140.61224
416 420.72726 -140.61224
430.1819 420.72726 -139.28572
462.09088 413.63638 -131.32654
468 411.27274 -143.2653
469.1819 416 -140.61224
476.27274 410.09088 -140.61224
483.36368 413.63638 -128.67346
470.36368 417.18182 -128.67346
473.90912 417.18182 -141.93877
484.54547 418.36362 -135.30612
477.45453 401.81818 -137.95918
481 420.72726 -130
476.27274 418.36362 -147.24489
473.90912 418.36362 -139.28572
477.45453 416 -136.63266
481 417.18182 -131.32654
476.27274 419.54547 -141.93877
477.45453 411.27274 -132.65306
478.63638 419.54547 -148.57144
466.8181 418.36362 -141.93877
483.36368 413.63638 -135.30612
470.36368 410.09088 -133.9796
471.54547 416 -145.91835
471.54547 419.54547 -140.61224
477.45453 413.63638 -137.95918
478.63638 418.36362 -123.36734
471.54547 414.81818 -137.95918
473.90912 410.09088 -139.28572
470.36368 407.72726 -137.95918
476.27274 411.27274 -140.61224
475.0909 420.72726 -139.28572
465.63632 420.72726 -139.28572
473.90912 407.72726 -145.91835
