-134.73 -169.00 372.76
-132.36 -164.27 367.45
-127.64 -165.45 368.78
-141.82 -163.09 371.43
-138.27 -164.27 375.41
-127.64 -164.27 368.78
-130.00 -164.27 371.43
-132.36 -165.45 367.45
-143.00 -163.09 371.43
-133.55 -163.09 371.43
-137.09 -167.82 374.08
-130.00 -166.64 367.45
-137.09 -164.27 368.78
-139.45 -167.82 374.08
-141.82 -166.64 375.41
-133.55 -167.82 368.78
-133.55 -165.45 368.78
-128.82 -166.64 368.78
-135.91 -167.82 370.10
-143.00 -163.09 378.06
-130.00 -167.82 370.10
-133.55 -166.64 371.43
-132.36 -163.09 367.45
-140.64 -165.45 372.76
-138.27 -166.64 376.73
-138.27 -163.09 374.08
-128.82 -166.64 367.45
-133.55 -163.09 370.10
-143.00 -163.09 374.08
-140.64 -164.27 374.08
-138.27 -165.45 376.73
-128.82 -164.27 364.80
-138.27 -161.91 371.43
-135.91 -160.73 368.78
-143.00 -163.09 374.08
-131.18 -160.73 372.76
-133.55 -161.91 368.78
-140.64 -157.18 371.43
-170.18 -135.91 376.73
-179.64 -126.45 391.33
-144.18 -125.27 391.33
-139.45 -113.45 411.22
-134.73 -113.45 412.55
-133.55 -127.64 423.16
-118.18 -135.91 437.76
-99.27 -131.18 452.35
-86.27 -128.82 453.67
-95.73 -121.73 461.63
-98.09 -111.09 470.92
-107.55 -112.27 473.57
-100.45 -113.45 469.59
-88.64 -108.73 466.94
-82.73 -131.18 461.63
-106.36 -144.18 455.00
-130.00 -148.91 448.37
-125.27 -140.64 451.02
-112.27 -131.18 458.98
-106.36 -127.64 453.67
-126.45 -130.00 461.63
-127.64 -132.36 458.98
-127.64 -125.27 465.61
-126.45 -117.00 462.96
-130.00 -113.45 461.63
-146.55 -114.64 465.61
-178.45 -117.00 453.67
-198.55 -121.73 445.71
-180.82 -122.91 440.41
-169.00 -119.36 453.67
-148.91 -151.27 443.06
-159.55 -145.36 447.04
-146.55 -118.18 462.96
-133.55 -82.73 476.22
-131.18 -65.00 478.88
-132.36 -47.27 489.49
-115.82 -50.82 496.12
-75.64 -57.91 490.82
-36.64 -59.09 496.12
-1.18 -52.00 493.47
5.91 -46.09 502.76
8.27 -34.27 502.76
-22.45 -29.55 510.71
-21.27 -26.00 496.12
-13.00 -21.27 497.45
4.73 4.73 500.10
46.09 18.91 504.08
57.91 47.27 500.10
61.45 80.36 493.47
55.55 135.91 492.14
49.64 161.91 488.16
31.91 171.36 492.14
9.45 203.27 485.51
-9.45 247.00 472.24
-20.09 277.73 453.67
-40.18 301.36 453.67
-89.82 320.27 444.39
-153.64 339.18 424.49
-189.09 347.45 400.61
-213.91 339.18 401.94
-231.64 326.18 408.57
-278.91 304.91 405.92
-297.82 284.82 405.92
-322.64 249.36 400.61
-342.73 226.91 400.61
-367.55 170.18 393.98
-382.91 161.91 401.94
-392.36 126.45 388.67
-399.45 86.27 386.02
-391.18 47.27 383.37
-385.27 28.36 393.98
-364.00 5.91 409.90
-342.73 -22.45 421.84
-317.91 -50.82 423.16
-293.09 -73.27 423.16
-278.91 -78.00 437.76
-245.82 -94.55 441.73
-241.09 -112.27 441.73
-229.27 -125.27 429.80
-213.91 -132.36 439.08
-176.09 -127.64 448.37
-169.00 -130.00 456.33
-151.27 -133.55 461.63
-117.00 -130.00 460.31
-83.91 -126.45 464.29
-79.18 -120.55 469.59
-69.73 -122.91 476.22
-36.64 -118.18 476.22
-14.18 -98.09 481.53
-14.18 -98.09 478.88
-26.00 -100.45 484.18
-17.73 -104.00 480.20
-18.91 -102.82 490.82
-4.73 -93.36 480.20
-3.55 -93.36 481.53
0.00 -108.73 476.22
-26.00 -121.73 478.88
-46.09 -121.73 477.55
-56.73 -127.64 472.24
-78.00 -139.45 462.96
-109.91 -141.82 457.65
-150.09 -138.27 458.98
-170.18 -141.82 452.35
-200.91 -133.55 443.06
-218.64 -135.91 431.12
-258.82 -125.27 421.84
-293.09 -105.18 420.51
-329.73 -67.36 416.53
-342.73 -43.73 407.24
-352.18 -30.73 399.29
-369.91 -10.64 401.94
-375.82 16.55 393.98
-384.09 37.82 393.98
-393.55 50.82 379.39
-398.27 79.18 376.73
-399.45 115.82 371.43
-398.27 146.55 375.41
-384.09 176.09 380.71
-358.09 199.73 386.02
-340.36 221.00 390.00
-329.73 234.00 399.29
-313.18 242.27 409.90
-300.18 245.82 405.92
-273.00 262.36 411.22
-258.82 268.27 411.22
-235.18 281.27 420.51
-209.18 284.82 431.12
-169.00 299.00 439.08
-153.64 299.00 433.78
-140.64 296.64 435.10
-120.55 299.00 435.10
-92.18 301.36 447.04
-79.18 295.45 451.02
-72.09 294.27 440.41
-69.73 283.64 452.35
-57.91 276.55 452.35
-47.27 270.64 462.96
-31.91 261.18 466.94
0.00 226.91 473.57
17.73 213.91 473.57
31.91 186.73 485.51
42.55 167.82 486.84
55.55 124.09 498.78
59.09 99.27 492.14
59.09 80.36 490.82
54.36 54.36 500.10
46.09 41.36 498.78
42.55 31.91 498.78
48.45 21.27 492.14
39.00 -2.36 496.12
26.00 -24.82 489.49
7.09 -48.45 493.47
-1.18 -62.64 488.16
-10.64 -74.45 478.88
-29.55 -89.82 477.55
-55.55 -99.27 474.90
-70.91 -112.27 476.22
-69.73 -115.82 469.59
-80.36 -124.09 469.59
-82.73 -120.55 465.61
-111.09 -119.36 466.94
-124.09 -120.55 466.94
-137.09 -121.73 466.94
-135.91 -120.55 464.29
-144.18 -117.00 460.31
-147.73 -119.36 457.65
-163.09 -119.36 458.98
-160.73 -121.73 461.63
-150.09 -125.27 453.67
-152.45 -126.45 453.67
-153.64 -127.64 457.65
-166.64 -124.09 455.00
-167.82 -125.27 453.67
-208.00 -128.82 433.78
-230.45 -132.36 419.18
-251.73 -131.18 415.20
-250.55 -132.36 423.16
-251.73 -130.00 423.16
-248.18 -132.36 415.20
-234.00 -134.73 420.51
-202.09 -125.27 433.78
-204.45 -131.18 439.08
-186.73 -125.27 445.71
-161.91 -113.45 451.02
-160.73 -100.45 458.98
-144.18 -80.36 465.61
-132.36 -67.36 480.20
-125.27 -47.27 488.16
-130.00 -2.36 498.78
-121.73 55.55 497.45
-98.09 91.00 505.41
-86.27 104.00 510.71
-92.18 121.73 502.76
-89.82 137.09 498.78
-94.55 167.82 488.16
-104.00 185.55 489.49
-102.82 209.18 480.20
-100.45 218.64 480.20
-112.27 232.82 469.59
-120.55 250.55 460.31
-127.64 280.09 448.37
-133.55 288.36 448.37
-164.27 296.64 441.73
-221.00 321.45 416.53
-256.45 330.91 383.37
-281.27 333.27 367.45
-314.36 330.91 360.82
-351.00 323.82 336.94
-374.64 315.55 323.67
-398.27 296.64 311.73
-414.82 282.45 305.10
-445.55 260.00 283.88
-466.82 243.45 277.24
-485.73 208.00 257.35
-504.64 178.45 244.08
-525.91 131.18 229.49
-525.91 115.82 234.80
-524.73 85.09 240.10
-524.73 41.36 240.10
-517.64 -3.55 245.41
-503.45 -31.91 249.39
-497.55 -54.36 260.00
-482.18 -81.55 266.63
-464.45 -109.91 275.92
-443.18 -126.45 278.57
-431.36 -135.91 291.84
-419.55 -145.36 307.76
-401.82 -148.91 311.73
-399.45 -152.45 314.39
-392.36 -152.45 307.76
-401.82 -146.55 317.04
-405.36 -143.00 314.39
-427.82 -130.00 301.12
-438.45 -120.55 291.84
-453.82 -92.18 293.16
-460.91 -78.00 279.90
-484.55 -54.36 262.65
-505.82 -30.73 245.41
-518.82 16.55 242.76
-515.27 39.00 244.08
-514.09 74.45 246.73
-515.27 114.64 248.06
-512.91 146.55 245.41
-494.00 167.82 263.98
-476.27 189.09 270.61
-463.27 216.27 281.22
-443.18 242.27 281.22
-423.09 265.91 305.10
-398.27 273.00 322.35
-369.91 282.45 332.96
-338.00 294.27 355.51
-307.27 293.09 378.06
-274.18 295.45 400.61
-238.73 301.36 409.90
-197.36 299.00 427.14
-173.73 287.18 443.06
-146.55 268.27 457.65
-127.64 251.73 469.59
-117.00 239.91 481.53
-102.82 235.18 472.24
-85.09 217.45 484.18
-59.09 186.73 494.80
-44.91 163.09 508.06
-30.73 153.64 505.41
-33.09 131.18 506.73
-43.73 100.45 510.71
-53.18 70.91 513.37
-63.82 56.73 516.02
-67.36 52.00 510.71
-86.27 34.27 504.08
-92.18 20.09 504.08
-98.09 -5.91 504.08
-104.00 -24.82 501.43
-117.00 -54.36 492.14
-121.73 -66.18 484.18
-141.82 -74.45 474.90
-159.55 -87.45 473.57
-174.91 -118.18 460.31
-186.73 -134.73 445.71
-191.45 -152.45 429.80
-217.45 -163.09 421.84
-247.00 -164.27 404.59
-280.09 -172.55 390.00
-294.27 -172.55 376.73
-315.55 -165.45 364.80
-329.73 -152.45 363.47
-351.00 -145.36 360.82
-365.18 -147.73 348.88
-377.00 -163.09 317.04
-387.64 -164.27 306.43
-365.18 -164.27 321.02
-359.27 -160.73 340.92
-345.09 -151.27 352.86
-319.09 -138.27 388.67
-277.73 -128.82 408.57
-234.00 -125.27 433.78
-192.64 -147.73 447.04
-153.64 -150.09 449.69
-124.09 -148.91 453.67
-78.00 -141.82 464.29
-11.82 -131.18 465.61
5.91 -125.27 472.24
26.00 -131.18 470.92
48.45 -134.73 464.29
43.73 -137.09 464.29
52.00 -146.55 453.67
69.73 -152.45 453.67
79.18 -158.36 449.69
87.45 -143.00 455.00
117.00 -117.00 451.02
121.73 -92.18 453.67
124.09 -73.27 465.61
151.27 -56.73 464.29
150.09 -36.64 466.94
160.73 -1.18 462.96
173.73 11.82 464.29
177.27 39.00 457.65
170.18 59.09 465.61
159.55 99.27 466.94
154.82 126.45 457.65
147.73 156.00 457.65
137.09 157.18 464.29
132.36 171.36 465.61
132.36 204.45 451.02
124.09 243.45 440.41
99.27 269.45 435.10
73.27 284.82 445.71
50.82 296.64 444.39
18.91 314.36 440.41
-10.64 323.82 433.78
-24.82 314.36 441.73
-81.55 308.45 444.39
-98.09 304.91 456.33
-114.64 290.73 458.98
-151.27 280.09 458.98
-195.00 247.00 458.98
-215.09 234.00 462.96
-238.73 219.82 465.61
-263.55 185.55 456.33
-286.00 143.00 461.63
-289.55 112.27 456.33
-287.18 89.82 464.29
-290.73 61.45 465.61
-287.18 14.18 464.29
-280.09 -31.91 452.35
-271.82 -59.09 449.69
-256.45 -75.64 457.65
-234.00 -108.73 452.35
-222.18 -132.36 451.02
-195.00 -151.27 441.73
-164.27 -164.27 439.08
-108.73 -182.00 444.39
-91.00 -178.45 453.67
-76.82 -180.82 449.69
-60.27 -180.82 443.06
-30.73 -173.73 447.04
-14.18 -180.82 447.04
0.00 -173.73 452.35
10.64 -178.45 447.04
9.45 -177.27 449.69
1.18 -176.09 443.06
-14.18 -173.73 453.67
-15.36 -171.36 458.98
-48.45 -166.64 457.65
-82.73 -170.18 453.67
-128.82 -158.36 449.69
-174.91 -145.36 452.35
-219.82 -132.36 445.71
-235.18 -118.18 444.39
-255.27 -98.09 440.41
-281.27 -57.91 447.04
-297.82 0.00 449.69
-288.36 46.09 462.96
-281.27 70.91 468.27
-278.91 104.00 466.94
-271.82 117.00 464.29
-252.91 138.27 476.22
-251.73 163.09 476.22
-225.73 208.00 474.90
-209.18 231.64 462.96
-186.73 251.73 461.63
-143.00 277.73 465.61
-102.82 309.64 457.65
-86.27 317.91 455.00
-65.00 319.09 449.69
-27.18 307.27 452.35
-4.73 308.45 447.04
17.73 308.45 449.69
36.64 308.45 444.39
54.36 302.55 435.10
91.00 288.36 429.80
128.82 277.73 427.14
159.55 252.91 431.12
179.64 236.36 420.51
202.09 198.55 424.49
199.73 184.36 425.82
216.27 164.27 431.12
234.00 145.36 427.14
245.82 118.18 424.49
252.91 111.09 412.55
263.55 95.73 403.27
267.09 68.55 411.22
274.18 39.00 404.59
273.00 13.00 407.24
264.73 -13.00 400.61
242.27 -65.00 407.24
221.00 -108.73 405.92
198.55 -133.55 411.22
186.73 -143.00 409.90
153.64 -152.45 423.16
137.09 -161.91 420.51
107.55 -171.36 429.80
76.82 -183.18 441.73
16.55 -198.55 444.39
-33.09 -197.36 439.08
-66.18 -202.09 435.10
-102.82 -185.55 445.71
-154.82 -165.45 443.06
-173.73 -159.55 445.71
-151.27 -148.91 453.67
-158.36 -133.55 455.00
-205.64 -139.45 436.43
-230.45 -137.09 433.78
-230.45 -140.64 431.12
-221.00 -150.09 421.84
-231.64 -141.82 425.82
-210.36 -121.73 449.69
-184.36 -95.73 470.92
-160.73 -93.36 477.55
-138.27 -34.27 501.43
-108.73 13.00 506.73
-93.36 31.91 521.33
-100.45 21.27 517.35
-131.18 5.91 509.39
-106.36 -4.73 510.71
-69.73 -8.27 505.41
-56.73 -1.18 517.35
-5.91 7.09 514.69
18.91 20.09 513.37
46.09 20.09 505.41
79.18 30.73 497.45
100.45 48.45 492.14
104.00 60.27 497.45
107.55 72.09 492.14
102.82 91.00 494.80
94.55 118.18 488.16
95.73 135.91 484.18
104.00 163.09 482.86
113.45 210.36 469.59
105.18 248.18 451.02
89.82 282.45 440.41
80.36 314.36 427.14
73.27 359.27 400.61
69.73 375.82 390.00
54.36 394.73 367.45
41.36 411.27 356.84
14.18 434.91 332.96
-4.73 451.45 330.31
-42.55 463.27 328.98
-79.18 469.18 323.67
-105.18 466.82 313.06
-131.18 469.18 307.76
-154.82 466.82 314.39
-212.73 452.64 309.08
-244.64 433.73 321.02
-281.27 410.09 318.37
-306.09 390.00 328.98
-332.09 366.36 325.00
-343.91 360.45 340.92
-361.64 330.91 343.57
-369.91 296.64 354.18
-368.73 260.00 374.08
-382.91 238.73 380.71
-393.55 204.45 388.67
-375.82 165.45 408.57
-356.91 125.27 427.14
-349.82 99.27 431.12
-346.27 88.64 439.08
-334.45 70.91 448.37
-297.82 65.00 469.59
-261.18 49.64 477.55
-242.27 37.82 486.84
-224.55 20.09 496.12
-179.64 -1.18 505.41
-144.18 -5.91 510.71
-119.36 -3.55 506.73
-94.55 5.91 509.39
-95.73 17.73 516.02
-95.73 10.64 520.00
-82.73 3.55 517.35
-62.64 5.91 516.02
-35.45 11.82 514.69
-35.45 20.09 518.67
-28.36 18.91 525.31
-50.82 29.55 522.65
-63.82 21.27 517.35
-85.09 20.09 514.69
-104.00 26.00 513.37
-133.55 49.64 509.39
-166.64 69.73 510.71
-180.82 72.09 498.78
-208.00 88.64 493.47
-267.09 105.18 472.24
-319.09 141.82 451.02
-340.36 171.36 431.12
-338.00 198.55 411.22
-341.55 265.91 386.02
-339.18 303.73 364.80
-319.09 335.64 367.45
-295.45 348.64 360.82
-276.55 387.64 340.92
-267.09 408.91 319.69
-223.36 430.18 326.33
-152.45 450.27 321.02
-106.36 453.82 331.63
-86.27 450.27 330.31
-59.09 446.73 327.65
-17.73 424.27 346.22
13.00 411.27 366.12
29.55 397.09 375.41
33.09 381.73 383.37
56.73 359.27 395.31
70.91 336.82 405.92
83.91 319.09 428.47
86.27 296.64 433.78
89.82 278.91 444.39
94.55 261.18 447.04
102.82 230.45 458.98
99.27 206.82 470.92
99.27 177.27 480.20
99.27 156.00 482.86
91.00 128.82 485.51
54.36 94.55 504.08
16.55 70.91 512.04
2.36 66.18 516.02
5.91 57.91 505.41
-9.45 35.45 509.39
-33.09 14.18 508.06
-57.91 5.91 509.39
-66.18 1.18 512.04
-75.64 -13.00 505.41
-94.55 -24.82 502.76
-100.45 -28.36 500.10
-114.64 -28.36 506.73
-109.91 -50.82 496.12
-114.64 -85.09 480.20
-113.45 -120.55 462.96
-122.91 -153.64 458.98
-100.45 -193.82 431.12
-91.00 -213.91 423.16
-74.45 -225.73 405.92
-56.73 -235.18 401.94
-9.45 -222.18 404.59
0.00 -216.27 409.90
2.36 -212.73 419.18
16.55 -203.27 415.20
40.18 -193.82 416.53
39.00 -185.55 420.51
28.36 -179.64 435.10
49.64 -170.18 433.78
75.64 -145.36 441.73
95.73 -121.73 440.41
109.91 -105.18 447.04
114.64 -93.36 452.35
118.18 -67.36 460.31
118.18 -44.91 464.29
117.00 -9.45 465.61
114.64 23.64 477.55
114.64 65.00 477.55
104.00 76.82 484.18
83.91 108.73 480.20
60.27 122.91 485.51
37.82 137.09 482.86
27.18 151.27 488.16
13.00 160.73 488.16
-15.36 174.91 485.51
-53.18 187.91 482.86
-74.45 199.73 480.20
-96.91 206.82 485.51
-132.36 217.45 477.55
-179.64 228.09 460.31
-221.00 221.00 456.33
-241.09 215.09 455.00
-261.18 199.73 448.37
-296.64 172.55 439.08
-329.73 154.82 421.84
-355.73 133.55 408.57
-387.64 102.82 387.35
-390.00 85.09 387.35
-399.45 67.36 384.69
-405.36 48.45 367.45
-416.00 17.73 360.82
-407.73 -8.27 360.82
-407.73 -40.18 362.14
-394.73 -78.00 355.51
-366.36 -132.36 358.16
-338.00 -170.18 351.53
-322.64 -193.82 351.53
-309.64 -215.09 347.55
-263.55 -237.55 352.86
-222.18 -249.36 360.82
-190.27 -251.73 363.47
-178.45 -247.00 375.41
-146.55 -244.64 388.67
-134.73 -239.91 397.96
-111.09 -232.82 397.96
-106.36 -235.18 395.31
-86.27 -234.00 400.61
-80.36 -232.82 407.24
-78.00 -231.64 404.59
-66.18 -234.00 400.61
-78.00 -231.64 404.59
-100.45 -231.64 403.27
-140.64 -229.27 400.61
-159.55 -230.45 392.65
-184.36 -224.55 387.35
-204.45 -221.00 380.71
-243.45 -212.73 372.76
-297.82 -193.82 358.16
-328.55 -178.45 358.16
-338.00 -171.36 347.55
-349.82 -151.27 350.20
-361.64 -119.36 363.47
-374.64 -85.09 371.43
-384.09 -61.45 372.76
-397.09 -36.64 362.14
-392.36 -3.55 378.06
-391.18 22.45 380.71
-386.45 49.64 386.02
-393.55 74.45 383.37
-369.91 119.36 401.94
-347.45 141.82 409.90
-325.00 165.45 423.16
-310.82 185.55 431.12
-262.36 211.55 445.71
-232.82 219.82 451.02
-198.55 221.00 457.65
-166.64 226.91 466.94
-140.64 222.18 476.22
-118.18 210.36 484.18
-86.27 205.64 484.18
-42.55 200.91 485.51
-27.18 190.27 485.51
1.18 165.45 494.80
22.45 151.27 496.12
47.27 112.27 493.47
61.45 99.27 490.82
68.55 78.00 492.14
70.91 46.09 494.80
76.82 2.36 492.14
80.36 -20.09 480.20
79.18 -43.73 474.90
72.09 -68.55 477.55
55.55 -98.09 469.59
47.27 -126.45 462.96
49.64 -137.09 448.37
31.91 -157.18 445.71
-5.91 -182.00 440.41
-42.55 -198.55 437.76
-66.18 -206.82 423.16
-80.36 -218.64 412.55
-112.27 -223.36 403.27
-135.91 -222.18 400.61
-167.82 -228.09 396.63
-184.36 -223.36 388.67
-197.36 -203.27 399.29
-206.82 -195.00 396.63
-242.27 -172.55 405.92
-290.73 -126.45 407.24
-306.09 -96.91 412.55
-297.82 -70.91 424.49
-284.82 -65.00 432.45
-261.18 -93.36 427.14
-270.64 -106.36 425.82
-278.91 -113.45 415.20
-300.18 -111.09 395.31
-326.18 -104.00 379.39
-325.00 -100.45 384.69
-304.91 -96.91 404.59
-287.18 -104.00 404.59
-261.18 -105.18 424.49
-216.27 -101.64 433.78
-205.64 -102.82 443.06
-202.09 -95.73 452.35
-189.09 -73.27 465.61
-156.00 -50.82 472.24
-146.55 -40.18 480.20
-145.36 -28.36 493.47
-148.91 -3.55 490.82
-148.91 7.09 490.82
-138.27 16.55 488.16
-133.55 29.55 493.47
-122.91 61.45 496.12
-119.36 76.82 498.78
-104.00 94.55 493.47
-94.55 105.18 490.82
-106.36 143.00 480.20
-113.45 170.18 481.53
-128.82 202.09 470.92
-135.91 221.00 456.33
-151.27 232.82 447.04
-163.09 245.82 437.76
-179.64 260.00 436.43
-206.82 270.64 420.51
-236.36 294.27 404.59
-265.91 314.36 367.45
-289.55 325.00 351.53
-323.82 326.18 327.65
-346.27 325.00 330.31
-378.18 312.00 311.73
-401.82 293.09 293.16
-437.27 254.09 279.90
-450.27 237.55 278.57
-466.82 223.36 267.96
-483.36 190.27 245.41
-503.45 139.45 245.41
-509.36 111.09 241.43
-505.82 92.18 252.04
-508.18 53.18 252.04
-512.91 11.82 242.76
-495.18 -31.91 241.43
-479.82 -53.18 256.02
-470.36 -67.36 270.61
-438.45 -102.82 291.84
-411.27 -115.82 309.08
-385.27 -130.00 322.35
-371.09 -130.00 338.27
-335.64 -140.64 360.82
-316.73 -144.18 374.08
-287.18 -141.82 391.33
-255.27 -132.36 403.27
-216.27 -114.64 431.12
-213.91 -106.36 436.43
-204.45 -101.64 448.37
-183.18 -81.55 457.65
-156.00 -65.00 466.94
-132.36 -49.64 472.24
-112.27 -24.82 488.16
-55.55 8.27 501.43
-7.09 17.73 504.08
43.73 23.64 493.47
69.73 23.64 481.53
107.55 24.82 473.57
98.09 34.27 484.18
89.82 49.64 485.51
88.64 46.09 476.22
80.36 31.91 476.22
73.27 16.55 482.86
67.36 15.36 494.80
73.27 20.09 478.88
72.09 15.36 482.86
74.45 10.64 476.22
65.00 -2.36 482.86
53.18 -8.27 488.16
48.45 -34.27 484.18
48.45 -49.64 473.57
31.91 -74.45 468.27
-1.18 -93.36 476.22
-43.73 -83.91 480.20
-68.55 -70.91 485.51
-98.09 -62.64 478.88
-144.18 -54.36 478.88
-195.00 -42.55 469.59
-228.09 -35.45 469.59
-238.73 -39.00 449.69
-263.55 -31.91 440.41
-288.36 18.91 439.08
-299.00 65.00 444.39
-307.27 104.00 443.06
-308.45 125.27 431.12
-293.09 182.00 429.80
-277.73 209.18 423.16
-247.00 238.73 440.41
-229.27 248.18 437.76
-196.18 270.64 439.08
-184.36 288.36 427.14
-145.36 304.91 431.12
-96.91 317.91 428.47
-65.00 321.45 432.45
-48.45 317.91 429.80
-24.82 315.55 423.16
24.82 282.45 436.43
52.00 249.36 449.69
72.09 225.73 461.63
80.36 208.00 458.98
88.64 169.00 472.24
94.55 159.55 466.94
108.73 148.91 470.92
128.82 140.64 470.92
137.09 113.45 470.92
132.36 102.82 470.92
120.55 69.73 478.88
95.73 26.00 489.49
53.18 -46.09 488.16
20.09 -69.73 480.20
0.00 -83.91 474.90
-16.55 -95.73 468.27
-36.64 -122.91 461.63
-55.55 -143.00 455.00
-79.18 -157.18 441.73
-108.73 -176.09 421.84
-150.09 -173.73 404.59
-186.73 -167.82 396.63
-212.73 -160.73 390.00
-221.00 -148.91 375.41
-247.00 -138.27 364.80
-256.45 -134.73 356.84
-270.64 -127.64 356.84
-264.73 -128.82 351.53
-275.36 -139.45 344.90
-271.82 -145.36 330.31
-264.73 -154.82 330.31
-254.09 -161.91 332.96
-248.18 -163.09 338.27
-239.91 -164.27 342.24
-226.91 -169.00 340.92
-210.36 -170.18 344.90
-204.45 -171.36 350.20
-205.64 -169.00 358.16
-196.18 -170.18 360.82
-192.64 -170.18 356.84
-195.00 -166.64 355.51
-202.09 -166.64 360.82
-199.73 -169.00 362.14
-192.64 -170.18 360.82
-195.00 -169.00 355.51
-200.91 -169.00 360.82
-200.91 -166.64 356.84
-197.36 -171.36 362.14
-193.82 -171.36 355.51
-195.00 -169.00 358.16
-191.45 -170.18 355.51
-202.09 -169.00 358.16
-195.00 -170.18 359.49
-191.45 -171.36 352.86
-193.82 -170.18 356.84
-192.64 -170.18 355.51
-202.09 -167.82 363.47
-200.91 -167.82 359.49
-193.82 -169.00 355.51
-189.09 -171.36 355.51
-197.36 -170.18 354.18
-196.18 -170.18 356.84
-198.55 -165.45 362.14
-186.73 -173.73 355.51
-192.64 -171.36 354.18
-190.27 -172.55 358.16
-199.73 -171.36 358.16
